Ι ‚·coNsmzcssvs's'1²1zc11ws,¹ · 171 Ἰ

, 111111,11111ε111111,1111111·111,111111
1111111111 111111111111111111111111111. , · .

1111111111, 111 1111111, 111111181111611111
1111 111 1111111111111111111111111111113
1111111111 1111 11111111 111 1111111111 11111, ,
“ 11111 11111Θ11111118111111111111111111111111111, ‘ ι
, Scin 93111 1111111111 1111, 11 1111 1111111111 1111 1111,
11111 1111111111 111 1111 &ott 1111111111 11111 11111, κ’. ,
111111111111112111 111 1111111111 1111111 11111111, f
611111 111 1111111111 ist, 111 111 1111111111 11111.
“ ῶ11ῗ1111111111111111,11111111111111111,, . . '
Β111111111111111111111111111111111111111111, - ’ ·
ᾗ 1111111111,1111111111111111111111111, ·
1111 111 111 11111 matt, 111111, 11-111111111111111,
211 11111011111111111 111111111111111, ·
1111 111111111111111111111111 1111 111111.
me 111 11111111 11111

sse 11111111 11111111, 1111111111111111161111111111111111, 11111111
11111111111111111111131111111 1111111, 1111 ,11 11111 111111 1111 11111 , ,
111111 11111111 1111111, 111111111111111111, 11 111 111 11 1111 011111
111 111111 11111111, 11111111 1111111111 11111111, 111, , “ -

· 2. 111111 11111, 11111,11111111111111111111, 1111111111 ec 11, 11 ⁸
1111111111, 1111111111 111, 111 11 1111111111 1111111111, 111111 111 1111
1111111111 111111111111111111, 1111111111 11111 11111111111111111111111111
11111 11111111, 111111111111111 11111111 11111111 1111111. 11111 111111 - ·
1111111111111111, 111 1111111111 1111111111 111 11111111 1111111. wan

, 111 111 1111111, 111 11111111111111111111 1111111111 1111111 1111111111 -
11111111 1111111111 8111111 111 111111 getham 111111111111111111111111
1111111111 11111111 111111, so 111 rein 11111, 1111111 1111111 11111111, =
11111111 11,11111111111111111 11111111 bag 111 1111 1111111 1111111111. ⁴
11111 1111111111 111 1111 11111111, 11111111, bitumen, 11111111 Oretum,
1111111111, 1111111, 11111111, 11111111,11111111,811111,1111111111

’ 111111Ε111111111θ111111 111111 1111111111 1111111Θ1111,.11111 111
Ι6111111 111111111111111111111 111, 111 11111 111111, 111 111111 6111111
11111 1111111 1111111111 111111 1111.

s· 1511 1111111111 1111111111 111 1111111111 11111, 111 811111, mm '
11111, 111 1111111111 1111111111 1111111111 1111111 struant, 1111111111
11111111111111111,11 1111 111111 111111 11111, 111 1111111111 111 · ’
1111111111111111111 1111111, 11 1111111 111111 11111111, 1111 1111111111
1111111 11111, 1111 1111111111 1111111411 1111111111 11 1111111111 1111111

11111111. ., s .

4. ’.11111111 1811111111111Θ1111 1111 1111 11111 1111 11111 1111111, 111
11111111 Um, 1111111111, 1111111111 1111111 1111111 1111111111 mame .
. 1111111111, 11111111 11111 1111111111, 111 11111 111111 1111111111ἐς Ι,

 

